100
7 0.10 31
11 0.381631A 2
23 0.EFH7 19
13 0.ACCC1 19
11 0.A 7
13 0.1C8 2
29 0.MJ 5
3 0.20021022 5
31 0.JHR 2
17 0.B 11
17 0.DBAAF20F 23
3 0.01000 2
5 0.0434122 13
31 0.MEA3 5
31 0.Q4F 29
23 0.H 31
31 0.TIR84 17
3 0.2 17
19 0.DDG 3
3 0.1 19
7 0.354 17
7 0.144604 17
11 0.2 13
2 0.0 29
13 0.B 3
13 0.47B9 13
7 0.12353 7
29 0.FC 29
13 0.0 7
2 0.101 23
19 0.CI 11
13 0.084A600 29
7 0.41223 23
19 0.EE88C6 17
11 0.1A429 5
19 0.2I5I9 23
2 0.000 13
5 0.3121 19
5 0.10 19
11 0.84 29
19 0.DFED 23
29 0.82PNA 23
13 0.549 19
2 0.000000 3
2 0.01000110 31
11 0.51 13
11 0.1 17
2 0.1110110 19
29 0.83NRQ 29
2 0.1 7
7 0.65143101 2
17 0.C3GGC 31
23 0.E9B7CHL 17
2 0.1010 19
23 0.618IB3 7
3 0.0201002 13
31 0.32 5
7 0.21662606 19
29 0.KI 11
23 0.JFIL47F 13
3 0.22 29
19 0.FHAC 5
29 0.GMRH 3
11 0.9254AA50 2
31 0.D 3
2 0.0 29
17 0.4E4C6564 23
31 0.6O1 3
7 0.2 23
17 0.1 3
7 0.24 19
23 0.8245I0E9 2
2 0.01000111 23
17 0.8C 31
3 0.22220 23
17 0.8DG 7
11 0.7988 3
19 0.35G 2
19 0.C2EC 31
11 0.06491595 5
5 0.4 31
3 0.0210 17
17 0.A 31
3 0.22201122 2
11 0.159 7
31 0.HSKK 7
3 0.011200 2
11 0.09610 5
13 0.10BAC 17
23 0.1F4 7
17 0.BCF8E3 11
29 0.GN9 2
3 0.1010220 11
17 0.GCB992D 13
7 0.65660 29
29 0.4NQ62 11
11 0.753A 19
29 0.L 17
17 0.8 17
23 0.8 19
